start=2650.523000
pause=yes
volume=120.000000
