start=2755.167000
volume=130.000000
