start=3511.008000
volume=130.000000
