start=2052.717000
volume=130.000000
