start=3091.880000
volume=130.000000
