start=2440.187750
volume=120.000000
