start=1309.309000
volume=126.000000
