start=6963.587000
volume=130.000000
