start=8885.965000
volume=130.000000
