start=3645.602000
volume=130.000000
