start=3070.626000
volume=130.000000
