start=2221.594000
volume=120.000000
