start=3139.511000
volume=120.000000
sub-ass-vsfilter-aspect-compat=no
