start=4691.442000
volume=130.000000
