start=1316.775108
sub-delay=0.000000
