start=4256.837000
video-aspect-override=1.777778
