start=4114.736000
volume=130.000000
