start=2746.720000
volume=130.000000
