start=2736.920000
volume=130.000000
