start=4248.536000
volume=130.000000
