start=8248.581915
volume=130.000000
