start=1881.708000
volume=130.000000
