start=3691.897000
sub-delay=-0.000000
