start=3644.516000
volume=120.000000
