start=2793.293000
volume=104.000000
