start=1300.165533
sub-delay=0.000000
