start=3989.319000
volume=120.000000
