start=3272.186000
volume=130.000000
