start=3088.669000
volume=130.000000
