start=3519.891000
volume=120.000000
