start=3331.360000
volume=130.000000
sub-ass-vsfilter-aspect-compat=no
