start=2494.867000
volume=104.000000
