start=2886.418000
volume=116.000000
