start=3013.125000
volume=130.000000
