start=3518.557000
volume=120.000000
