start=5513.179000
volume=130.000000
