start=1330.037042
sub-delay=-0.000000
sub-visibility=no
