start=3434.806375
sub-delay=-0.000000
