start=3468.243000
volume=110.000000
