start=3129.668000
volume=130.000000
