start=3088.294000
volume=90.000000
