start=2423.212000
volume=130.000000
