start=2828.326000
volume=130.000000
