start=2703.375000
volume=130.000000
