start=2825.958000
volume=130.000000
sub-visibility=no
