start=2557.763542
volume=110.000000
