start=3306.667000
sub-delay=-0.000000
