start=2001.583000
volume=126.000000
