start=2727.350000
volume=130.000000
