start=2773.856000
volume=130.000000
