start=3303.335000
volume=120.000000
