start=1492.917000
volume=130.000000
