start=2926.293000
volume=110.000000
