start=3158.280000
speed=1.000000
volume=130.000000
