start=3626.289000
volume=130.000000
