start=4518.723000
volume=130.000000
