start=2558.015000
volume=128.000000
