start=2679.400000
volume=130.000000
