start=6131.631000
volume=130.000000
