start=2685.335000
volume=130.000000
