start=3176.883000
volume=130.000000
