start=4799.086000
volume=130.000000
