start=2523.813000
volume=116.000000
