start=2735.250000
volume=102.000000
