start=2873.333000
volume=102.000000
