start=345.650000
volume=90.000000
