start=669.900000
volume=130.000000
sid=no
