start=2127.208000
volume=130.000000
