start=3480.185000
volume=130.000000
