start=1385.258875
speed=1.100000
