start=1317.149153
sub-delay=0.000000
