start=2992.583000
volume=130.000000
