start=3801.381000
volume=130.000000
