start=9314.268000
volume=120.000000
