start=3395.143000
volume=130.000000
